 295
 287
 541
 395
 380
 345
 478
 553
 259
 533
 364
 160
 000
 212
 030
 454
 236
 152
 265
 073
 343
 045
 183
 211
 263
 188
 285
 017
 189
 101
 269
 538
 459
 474
 467
 125
 100
 158
 171
 511
 275
 132
 327
 338
 376
 469
 184
 130
 222
 220
 520
 239
 399
 254
 024
 089
 120
 260
 138
 223
 109
 143
 519
 227
 118
 102
 201
 079
 092
 204
 526
 270
 476
 436
 292
 299
 305
 463
 300
 291
 324
 396
 530
 334
 528
 090
 276
 477
 529
 247
 156
 035
 288
 374
 349
 005
 437
 499
 496
 412
 512
 214
 365
 106
 389
 153
 131
 297
 257
 180
 057
 479
 359
 176
 417
 253
 426
 216
 416
 251
 352
 069
 025
 043
 302
 058
 055
 432
 555
 301
 129
 379
 095
 063
 464
 525
 012
 308
 315
 207
 134
 157
 402
 429
 230
 406
 420
 354
 015
 361
 237
 047
 266
 084
 221
 104
 391
 019
 037
 552
 462
 155
 440
 205
 277
 516
 098
 465
 320
 004
 471
 387
 362
 497
 318
 439
 229
 177
 175
 556
 460
 294
 225
 016
 062
 042
 086
 082
 558
 483
 256
 515
 388
 342
 040
 274
 347
 268
 296
 329
 510
 468
 492
 066
 521
 321
 026
 283
 169
 215
 534
 029
 505
 333
 083
 304
 397
 400
 264
 370
 243
 261
 503
 144
 332
 375
 357
 550
 312
 097
 128
 488
 078
 407
 011
 059
 279
 336
 289
 322
 337
 466
 271
 065
 122
 224
 539
 117
 383
 048
 316
 278
 051
 442
 282
 445
 172
 298
 537
 421
 507
 088
 190
 241
 202
 228
 409
 001
 401
 075
 546
 559
 452
 238
 159
 219
 007
 353
 313
 070
 531
 009
 542
 196
 431
 418
 475
 500
 094
 115
 281
 123
 093
 206
 054
 091
 108
 164
 390
 112
 145
 111
 250
 114
 170
 021
 453
 165
 245
 242
 068
 508
 482
 438
 147
 232
 535
 056
 246
 151
 080
 518
 249
 408
 137
 386
 139
 031
 433
 124
 404
 522
 405
 423
 377
 382
 052
 355
 163
 314
 240
 367
 173
 081
 034
 369
 415
 457
 074
 060
 272
 167
 451
 410
 049
 473
 010
 493
 008
 414
 485
 197
 217
 351
 506
 210
 050
 053
 366
 244
 393
 532
 325
 428
 490
 495
 523
 192
 161
 317
 545
 178
 014
 517
 136
 284
 339
 551
 146
 067
 023
 411
 174
 077
 498
 087
 456
 540
 071
 195
 033
 435
 127
 027
 427
 110
 162
 150
 557
 116
 430
 141
 481
 154
 458
 447
 350
 119
 200
 489
