 262
 418
 344
 068
 271
 434
 487
 347
 130
 524
 313
 494
 462
 000
 407
 143
 395
 492
 264
 190
 414
 223
 283
 289
 161
 400
 333
 550
 353
 329
 444
 409
 512
 295
 258
 093
 467
 091
 194
 069
 111
 047
 026
 330
 552
 545
 381
 142
 234
 145
 451
 187
 312
 042
 149
 338
 498
 188
 305
 005
 285
 022
 138
 226
 374
 558
 310
 018
 222
 084
 316
 535
 062
 515
 321
 014
 412
 105
 387
 322
 248
 417
 240
 200
 137
 549
 207
 260
 055
 525
 119
 317
 526
 132
 401
 177
 495
 049
 021
 455
 153
 335
 477
 010
 076
 500
 148
 342
 469
 199
 124
 086
 442
 210
 548
 298
 382
 275
 351
 281
 328
 218
 270
 291
 216
 025
 402
 299
 293
 129
 041
 209
 140
 555
 172
 493
 343
 139
 204
 094
 544
 352
 227
 429
 030
 491
 502
 087
 431
 297
 443
 424
 354
 031
 015
 506
 035
 268
 078
 036
 169
 221
 449
 510
 158
 191
 064
 345
 001
 256
 104
 393
 363
 521
 426
 370
 373
 215
 090
 235
 438
 362
 294
 166
 319
 397
 092
 255
 478
 080
 192
 432
 553
 336
 220
 364
 053
 034
 263
 277
 278
 008
 371
 425
 083
 107
 499
 539
 048
 427
 461
 533
 195
 201
 384
 450
 386
 219
 236
 538
 211
 504
 228
 420
 006
 144
 306
 378
 307
 518
 032
 473
 241
 346
 481
 465
 147
 205
 225
 483
 003
 529
 058
 318
 389
 453
 057
 017
 276
 098
 375
 486
 514
 157
 296
 013
 365
 175
 253
 202
 224
 077
 179
 265
 331
 155
 304
 154
 485
 323
 088
 167
 097
 340
 095
 557
 075
 060
 043
 541
 372
 459
 230
 110
 421
 290
 113
 099
 496
 054
 339
 089
 416
 040
 358
 327
 482
 523
 007
 456
 536
 464
 284
 503
 366
 355
 466
 186
 476
 280
 542
 066
 437
 390
 508
 507
 160
 516
 531
 213
 174
 242
 288
 037
 252
 229
 212
 376
 198
 559
 415
 274
 534
 480
 180
 081
 380
 197
 250
 448
 259
 106
 108
 279
 079
 435
 159
 509
 460
 309
 404
 073
 181
 408
 122
 287
 009
 072
 367
 392
 028
 368
 326
 520
 237
 484
 527
 117
 273
 164
 127
 027
 292
 300
 269
 454
 096
 457
 405
 109
 023
 468
 156
 103
 554
 045
 360
 546
 050
 497
 394
 146
 131
 125
 135
 019
 261
 245
 115
 286
 377
 134
 163
 116
 446
 052
 411
 046
 136
 203
 547
 475
 193
 458
 004
 385
 556
 024
 511
 121
