 351
 039
 049
 293
 167
 150
 484
 241
 508
 076
 050
 352
 486
 499
 210
 323
 174
 235
 043
 387
 202
 166
 213
 132
 111
 176
 359
 063
 368
 353
 452
 264
 001
 065
 532
 149
 513
 503
 401
 240
 375
 275
 487
 221
 380
 303
 245
 183
 376
 422
 265
 336
 354
 028
 313
 125
 097
 340
 471
 102
 318
 381
 363
 079
 010
 144
 338
 413
 244
 434
 385
 209
 231
 024
 310
 291
 018
 355
 191
 476
 252
 416
 306
 491
 121
 462
 485
 112
 064
 458
 237
 360
 521
 480
 137
 219
 179
 078
 495
 328
 490
 390
 543
 067
 217
 455
 011
 316
 556
 512
 541
 361
 456
 108
 321
 317
 324
 314
 110
 194
 446
 258
 127
 016
 506
 035
 055
 529
 525
 436
 195
 349
 200
 526
 106
 170
 307
 115
 157
 309
 402
 531
 082
 247
 288
 393
 145
 450
 070
 047
 251
 216
 162
 169
 233
 366
 253
 286
 320
 435
 156
 544
 278
 223
 345
 312
 346
 036
 557
 492
 329
 165
 005
 044
 504
 305
 234
 246
 482
 553
 282
 334
 398
 096
 033
 139
 129
 552
 394
 392
 261
 158
 057
 153
 467
 255
 225
 249
 061
 505
 501
 203
 250
 297
 211
 196
 302
 107
 276
 378
 113
 262
 533
 431
 230
 116
 238
 540
 433
 266
 468
 008
 263
 451
 547
 152
 437
 040
 085
 339
 417
 172
 269
 021
 350
 412
 515
 439
 184
 207
 294
 095
 134
 273
 429
 473
 130
 038
 440
 524
 058
 443
 185
 299
 128
 013
 259
 077
 301
 407
 126
 519
 164
 190
 292
 457
 537
 007
 123
 342
 419
 534
 160
 260
 002
 059
 182
 300
 460
 384
 025
 239
 120
 497
 151
 280
 109
 056
 051
 114
 099
 546
 464
 290
 477
 509
 131
 187
 465
 015
 330
 295
 507
 226
 538
 405
 098
 052
 091
 332
 274
 343
 298
 470
 004
 358
 356
 066
 103
 411
 395
 425
 104
 087
 206
 348
 048
 198
 083
 101
 527
 379
 488
 197
 080
 199
 428
 510
 478
 208
 053
 432
 017
 138
 075
 311
 315
 308
 331
 459
 421
 400
 204
 081
 430
 535
 383
 386
 424
 483
 548
 034
 502
 374
 335
 281
 481
 027
 389
 272
 373
 284
 072
 094
 528
 554
 447
 135
 357
 069
 215
 555
 453
 414
 118
 423
 136
 146
 327
 382
 100
 514
 283
 496
 498
 445
 296
 155
 243
 479
 545
 201
 454
 224
 493
 186
 062
 092
 364
 442
 168
 511
 205
 448
 154
 227
 289
 105
 086
 119
