 311
 518
 108
 180
 107
 049
 139
 222
 016
 008
 394
 540
 097
 404
 091
 393
 465
 030
 233
 472
 555
 056
 552
 241
 176
 446
 320
 366
 551
 181
 456
 340
 083
 513
 051
 543
 329
 451
 363
 230
 169
 415
 423
 523
 196
 459
 301
 526
 443
 334
 238
 390
 187
 399
 303
 092
 314
 221
 048
 174
 410
 205
 445
 479
 492
 344
 000
 158
 253
 089
 122
 360
 521
 125
 044
 010
 514
 130
 271
 439
 493
 150
 412
 417
 468
 520
 541
 357
 289
 273
 548
 464
 041
 532
 531
 420
 209
 553
 499
 309
 005
 263
 522
 213
 440
 111
 032
 454
 095
 288
 192
 411
 462
 006
 405
 039
 183
 441
 142
 307
 469
 052
 256
 212
 544
 281
 003
 070
 315
 202
 376
 234
 438
 136
 066
 279
 461
 302
 536
 485
 550
 129
 275
 249
 557
 261
 115
 204
 189
 138
 386
 515
 345
 225
 171
 236
 508
 211
 118
 448
 409
 029
 064
 342
 294
 503
 148
 128
 312
 270
 449
 278
 402
 254
 059
 027
 460
 096
 168
 293
 483
 392
 144
 033
 151
 327
 355
 177
 422
 542
 478
 368
 505
 527
 506
 047
 259
 178
 172
 067
 330
 494
 525
 397
 516
 240
 370
 145
 310
 328
 031
 413
 353
 068
 087
 308
 140
 378
 559
 367
 361
 079
 121
 009
 539
 208
 106
 300
 266
 223
 486
 157
 201
 186
 474
 283
 377
 284
 133
 120
 038
 346
 490
 207
 529
 127
 477
 418
 141
 194
 348
 323
 519
 007
 216
 060
 470
 134
 086
 268
 098
 193
 435
 385
 080
 403
 262
 546
 335
 218
 489
 466
 387
 375
 198
 498
 036
 224
 352
 510
 024
 078
 073
 517
 099
 081
 242
 116
 391
 336
 117
 179
 467
 239
 332
 534
 433
 075
 331
 389
 219
 488
 163
 034
 282
 305
 055
 463
 277
 229
 434
 165
 496
 290
 184
 132
 072
 227
 245
 437
 299
 432
 232
 291
 085
 082
 453
 257
 215
 100
 430
 250
 325
 538
 022
 053
 123
 182
 338
 166
 295
 137
 343
 190
 149
 425
 484
 170
 509
 384
 046
 071
 199
 040
 264
 535
 021
 152
 349
 285
 109
 001
 322
 354
 424
 388
 103
 556
 337
 014
 458
 333
 185
 057
 287
 020
 382
 113
 126
 094
 533
 292
 501
 004
 502
 381
 296
 558
 235
 050
 265
 408
 017
 341
 112
 324
 436
 195
 537
 351
 076
 191
 326
 373
 428
 419
 214
 018
 471
 380
 512
 481
 350
 237
 480
 255
 407
 090
 104
 197
