 355
 426
 041
 469
 198
 288
 199
 504
 206
 124
 113
 008
 017
 314
 317
 343
 400
 354
 080
 074
 404
 402
 334
 484
 394
 134
 266
 310
 047
 491
 466
 374
 170
 456
 292
 061
 277
 306
 535
 025
 097
 318
 053
 114
 225
 197
 050
 182
 085
 391
 536
 087
 200
 458
 528
 260
 151
 290
 331
 293
 059
 099
 339
 152
 185
 327
 084
 150
 028
 427
 217
 315
 299
 547
 494
 229
 173
 201
 296
 055
 098
 001
 165
 328
 526
 012
 065
 359
 109
 263
 333
 019
 433
 305
 104
 436
 337
 183
 035
 375
 311
 064
 473
 468
 060
 332
 478
 014
 443
 105
 220
 000
 512
 442
 336
 360
 373
 245
 040
 432
 287
 521
 082
 395
 122
 073
 298
 278
 553
 406
 479
 342
 169
 460
 379
 514
 032
 030
 079
 549
 131
 186
 246
 300
 461
 168
 215
 525
 540
 487
 519
 119
 264
 062
 135
 397
 472
 350
 476
 145
 282
 251
 147
 538
 558
 049
 325
 485
 362
 534
 451
 435
 024
 205
 445
 203
 430
 016
 046
 155
 076
 156
 559
 222
 018
 181
 244
 043
 308
 219
 309
 188
 189
 289
 330
 344
 399
 499
 506
 410
 033
 522
 184
 408
 107
 440
 434
 349
 417
 078
 252
 077
 241
 106
 513
 009
 088
 383
 146
 149
 496
 533
 326
 261
 154
 341
 532
 363
 011
 388
 369
 010
 232
 345
 474
 022
 551
 038
 376
 409
 481
 489
 389
 552
 015
 527
 294
 348
 421
 352
 101
 166
 265
 258
 295
 213
 272
 153
 401
 452
 005
 312
 419
 196
 316
 002
 387
 218
 424
 236
 455
 542
 057
 159
 262
 172
 371
 471
 063
 480
 441
 386
 233
 013
 530
 283
 180
 518
 465
 239
 380
 453
 503
 111
 302
 020
 507
 231
 157
 083
 039
 058
 324
 243
 554
 179
 132
 250
 516
 238
 429
 372
 329
 234
 450
 319
 211
 361
 405
 223
 459
 269
 072
 335
 003
 368
 056
 353
 322
 351
 100
 026
 115
 511
 045
 006
 392
 112
 418
 207
 102
 273
 446
 148
 075
 420
 422
 044
 259
 178
 086
 248
 423
 304
 557
 255
 138
 143
 214
 340
 407
 191
 127
 486
 464
 137
 190
 398
 550
 095
 187
 227
 129
 224
 356
 447
 463
 357
 297
 517
 036
 051
 204
 546
 276
 120
 412
 136
 031
 366
 515
 208
 176
 364
 216
 141
 171
 247
 444
 228
 121
 509
 501
 303
 321
 071
 454
 403
 307
 502
 313
 034
 021
 279
 221
 267
 007
 094
 202
 556
